Frecuencia (Hz)	volumen (dB)
86,132813	-58,299545
172,265625	-46,165478
258,398438	-41,111404
344,531250	-21,153015
430,664063	-17,513929
516,796875	-25,756212
602,929688	-36,133904
689,062500	-39,379059
775,195313	-36,330688
861,328125	-35,765785
947,460938	-47,666100
1033,593750	-61,391659
1119,726563	-63,026653
1205,859375	-66,585190
1291,992188	-69,292358
1378,125000	-68,998878
1464,257813	-67,507553
1550,390625	-69,821999
1636,523438	-70,788177
1722,656250	-70,497467
1808,789063	-71,645981
1894,921875	-71,980164
1981,054688	-69,795959
2067,187500	-65,096489
2153,320313	-69,882568
2239,453125	-71,831070
2325,585938	-70,141281
2411,718750	-71,462219
2497,851563	-70,931404
2583,984375	-71,256676
2670,117188	-67,059662
2756,250000	-66,385948
2842,382813	-68,945694
2928,515625	-70,965202
3014,648438	-73,534760
3100,781250	-73,165375
3186,914063	-72,981552
3273,046875	-71,832169
3359,179688	-71,402222
3445,312500	-72,869347
3531,445313	-63,294418
3617,578125	-55,897789
3703,710938	-54,071999
3789,843750	-57,694641
3875,976563	-66,027069
3962,109375	-67,548630
4048,242188	-62,484116
4134,375000	-60,748325
4220,507813	-65,907242
4306,640625	-76,086937
4392,773438	-78,560066
4478,906250	-79,443649
4565,039063	-79,748230
4651,171875	-80,207138
4737,304688	-78,486305
4823,437500	-78,085335
4909,570313	-78,763748
4995,703125	-79,545868
5081,835938	-80,675369
5167,968750	-82,444534
5254,101563	-82,129562
5340,234375	-82,094788
5426,367188	-82,205841
5512,500000	-82,321259
5598,632813	-81,558815
5684,765625	-81,302399
5770,898438	-82,748772
5857,031250	-83,016754
5943,164063	-81,253387
6029,296875	-81,451035
6115,429688	-82,489937
6201,562500	-81,913742
6287,695313	-82,123543
6373,828125	-78,940315
6459,960938	-79,067566
6546,093750	-80,864189
6632,226563	-80,583336
6718,359375	-79,911926
6804,492188	-80,360924
6890,625000	-82,058159
6976,757813	-82,384926
7062,890625	-82,176765
7149,023438	-81,129669
7235,156250	-80,445717
7321,289063	-81,366013
7407,421875	-81,225807
7493,554688	-79,741684
7579,687500	-80,235558
7665,820313	-78,410820
7751,953125	-78,009560
7838,085938	-78,571983
7924,218750	-79,959122
8010,351563	-77,373962
8096,484375	-77,751778
8182,617188	-79,399513
8268,750000	-81,123947
8354,882813	-82,281258
8441,015625	-82,789619
8527,148438	-81,787346
8613,281250	-80,139915
8699,414063	-79,112755
8785,546875	-77,361725
8871,679688	-77,836617
8957,812500	-80,082672
9043,945313	-78,803284
9130,078125	-77,066711
9216,210938	-73,293106
9302,343750	-69,279022
9388,476563	-69,908081
9474,609375	-66,182716
9560,742188	-67,273544
9646,875000	-69,183876
9733,007813	-69,613121
9819,140625	-71,374008
9905,273438	-73,918777
9991,406250	-75,905373
10077,539063	-77,964241
10163,671875	-76,226883
10249,804688	-77,000435
10335,937500	-80,465454
10422,070313	-83,523499
10508,203125	-85,068657
10594,335938	-84,936920
10680,468750	-84,965424
10766,601563	-84,097023
10852,734375	-83,413628
10938,867188	-82,192284
11025,000000	-80,223923
11111,132813	-80,483238
11197,265625	-80,015587
11283,398438	-82,627853
11369,531250	-81,471275
11455,664063	-81,379875
11541,796875	-82,590385
11627,929688	-82,074547
11714,062500	-82,730293
11800,195313	-81,429398
11886,328125	-80,730904
11972,460938	-83,134171
12058,593750	-84,591530
12144,726563	-84,147438
12230,859375	-81,732338
12316,992188	-82,702225
12403,125000	-83,681808
12489,257813	-84,614716
12575,390625	-84,235390
12661,523438	-83,431610
12747,656250	-82,192558
12833,789063	-80,638306
12919,921875	-81,025902
13006,054688	-83,132637
13092,187500	-83,785904
13178,320313	-84,692139
13264,453125	-84,193886
13350,585938	-84,988029
13436,718750	-86,785980
13522,851563	-88,590912
13608,984375	-87,633461
13695,117188	-88,317017
13781,250000	-88,439423
13867,382813	-86,353546
13953,515625	-85,769669
14039,648438	-87,289291
14125,781250	-85,945938
14211,914063	-86,119965
14298,046875	-88,063393
14384,179688	-87,310791
14470,312500	-87,505219
14556,445313	-86,762520
14642,578125	-86,654770
14728,710938	-86,830177
14814,843750	-85,313324
14900,976563	-85,788063
14987,109375	-85,021431
15073,242188	-84,962517
15159,375000	-85,490974
15245,507813	-87,109390
15331,640625	-86,137001
15417,773438	-85,390244
15503,906250	-85,336433
15590,039063	-86,988800
15676,171875	-86,107201
15762,304688	-84,344971
15848,437500	-85,089180
15934,570313	-85,774666
16020,703125	-84,770508
16106,835938	-87,104172
16192,968750	-86,674545
16279,101563	-85,802628
16365,234375	-85,537621
16451,367188	-85,460854
16537,500000	-85,249405
16623,632813	-86,151115
16709,765625	-86,534775
16795,898438	-85,035278
16882,031250	-85,084381
16968,164063	-85,030022
17054,296875	-85,363861
17140,429688	-85,931908
17226,562500	-86,995468
17312,695313	-86,056885
17398,828125	-83,685806
17484,960938	-83,258003
17571,093750	-85,195335
17657,226563	-85,198875
17743,359375	-84,300583
17829,492188	-83,724258
17915,625000	-84,315018
18001,757813	-84,135368
18087,890625	-84,361229
18174,023438	-84,131828
18260,156250	-84,828545
18346,289063	-86,222092
18432,421875	-84,004311
18518,554688	-83,551292
18604,687500	-83,056816
18690,820313	-82,719070
18776,953125	-83,047127
18863,085938	-83,575790
18949,218750	-83,868088
19035,351563	-83,214546
19121,484375	-84,726677
19207,617188	-83,277039
19293,750000	-83,637093
19379,882813	-84,382515
19466,015625	-84,307465
19552,148438	-84,155319
19638,281250	-82,099983
19724,414063	-82,813148
19810,546875	-84,143394
19896,679688	-83,246567
19982,812500	-83,506142
20068,945313	-81,985298
20155,078125	-81,827759
20241,210938	-82,155022
20327,343750	-81,797012
20413,476563	-82,841034
20499,609375	-83,469559
20585,742188	-84,207085
20671,875000	-83,873741
20758,007813	-84,788887
20844,140625	-84,854187
20930,273438	-84,552933
21016,406250	-84,212509
21102,539063	-85,186340
21188,671875	-86,848442
21274,804688	-87,661301
21360,937500	-88,145859
21447,070313	-88,224915
21533,203125	-88,478096
21619,335938	-89,566605
21705,468750	-90,480553
21791,601563	-89,614395
21877,734375	-89,476852
21963,867188	-91,120735
