Frecuencia (Hz)	volumen (dB)
86,132813	-76,969772
172,265625	-62,898918
258,398438	-52,157856
344,531250	-46,152386
430,664063	-44,153324
516,796875	-46,885883
602,929688	-49,631115
689,062500	-51,224476
775,195313	-55,472282
861,328125	-61,046162
947,460938	-63,944950
1033,593750	-65,276741
1119,726563	-67,568764
1205,859375	-67,280785
1291,992188	-64,800583
1378,125000	-62,329998
1464,257813	-63,775562
1550,390625	-66,834579
1636,523438	-68,238861
1722,656250	-63,731293
1808,789063	-66,578918
1894,921875	-67,440521
1981,054688	-64,758102
2067,187500	-65,051422
2153,320313	-63,132900
2239,453125	-62,238850
2325,585938	-63,061470
2411,718750	-64,813263
2497,851563	-65,911819
2583,984375	-67,059944
2670,117188	-65,300262
2756,250000	-65,259048
2842,382813	-68,000809
2928,515625	-67,005165
3014,648438	-69,555084
3100,781250	-72,388985
3186,914063	-74,208046
3273,046875	-76,648933
3359,179688	-77,515633
3445,312500	-76,535133
3531,445313	-76,185852
3617,578125	-75,902130
3703,710938	-75,782242
3789,843750	-75,186874
3875,976563	-75,056458
3962,109375	-74,554504
4048,242188	-75,448128
4134,375000	-75,287117
4220,507813	-73,950882
4306,640625	-73,716660
4392,773438	-72,659004
4478,906250	-75,591911
4565,039063	-77,098213
4651,171875	-75,644478
4737,304688	-76,800484
4823,437500	-77,142319
4909,570313	-78,483803
4995,703125	-80,528603
5081,835938	-80,204330
5167,968750	-78,317505
5254,101563	-77,664093
5340,234375	-77,194450
5426,367188	-74,298988
5512,500000	-69,314804
5598,632813	-67,528412
5684,765625	-68,358093
5770,898438	-67,725716
5857,031250	-65,604134
5943,164063	-64,788872
6029,296875	-65,744278
6115,429688	-67,954292
6201,562500	-67,837692
6287,695313	-66,492271
6373,828125	-66,390778
6459,960938	-70,224648
6546,093750	-73,354431
6632,226563	-71,077942
6718,359375	-65,558807
6804,492188	-60,904469
6890,625000	-62,380035
6976,757813	-64,930344
7062,890625	-66,802261
7149,023438	-71,976967
7235,156250	-72,631699
7321,289063	-73,076103
7407,421875	-75,384712
7493,554688	-72,895226
7579,687500	-69,279953
7665,820313	-66,111443
7751,953125	-64,116585
7838,085938	-65,436096
7924,218750	-66,727516
8010,351563	-67,791840
8096,484375	-73,689949
8182,617188	-75,100891
8268,750000	-71,716766
8354,882813	-69,133659
8441,015625	-71,020409
8527,148438	-72,780243
8613,281250	-74,526192
8699,414063	-75,338150
8785,546875	-74,336838
8871,679688	-73,534340
8957,812500	-73,162811
9043,945313	-74,450592
9130,078125	-76,282387
9216,210938	-77,006889
9302,343750	-76,327072
9388,476563	-72,759811
9474,609375	-70,653351
9560,742188	-70,391846
9646,875000	-69,540146
9733,007813	-66,721642
9819,140625	-65,585709
9905,273438	-64,660629
9991,406250	-67,019966
10077,539063	-70,193153
10163,671875	-73,060516
10249,804688	-76,377518
10335,937500	-77,157097
10422,070313	-78,768631
10508,203125	-80,707321
10594,335938	-82,653687
10680,468750	-82,455147
10766,601563	-83,078583
10852,734375	-83,116920
10938,867188	-80,838867
11025,000000	-77,555847
11111,132813	-77,098351
11197,265625	-79,654556
11283,398438	-81,459534
11369,531250	-83,473907
11455,664063	-85,337395
11541,796875	-84,526466
11627,929688	-83,151360
11714,062500	-81,594528
11800,195313	-83,333763
11886,328125	-84,779221
11972,460938	-84,804764
12058,593750	-85,831978
12144,726563	-85,302940
12230,859375	-85,223244
12316,992188	-85,876495
12403,125000	-86,570190
12489,257813	-86,792999
12575,390625	-86,773392
12661,523438	-87,014923
12747,656250	-86,660339
12833,789063	-87,043449
12919,921875	-86,237740
13006,054688	-86,954216
13092,187500	-87,496521
13178,320313	-86,385063
13264,453125	-85,906219
13350,585938	-86,252754
13436,718750	-87,086197
13522,851563	-87,218544
13608,984375	-86,615417
13695,117188	-86,153267
13781,250000	-85,869789
13867,382813	-86,231216
13953,515625	-86,092087
14039,648438	-86,930656
14125,781250	-87,576515
14211,914063	-87,124306
14298,046875	-86,890793
14384,179688	-87,137390
14470,312500	-86,069496
14556,445313	-85,538025
14642,578125	-85,938354
14728,710938	-86,823280
14814,843750	-86,879272
14900,976563	-87,224281
14987,109375	-86,995102
15073,242188	-86,387573
15159,375000	-86,995697
15245,507813	-87,064568
15331,640625	-85,822411
15417,773438	-85,660004
15503,906250	-85,792122
15590,039063	-85,482269
15676,171875	-86,283394
15762,304688	-86,140991
15848,437500	-86,120796
15934,570313	-86,293304
16020,703125	-86,085205
16106,835938	-86,039757
16192,968750	-85,632050
16279,101563	-85,575859
16365,234375	-85,776268
16451,367188	-85,639244
16537,500000	-85,745491
16623,632813	-85,191956
16709,765625	-85,718994
16795,898438	-85,858376
16882,031250	-86,503281
16968,164063	-85,858887
17054,296875	-84,799736
17140,429688	-85,152199
17226,562500	-85,314308
17312,695313	-85,994064
17398,828125	-86,239243
17484,960938	-85,261986
17571,093750	-85,031639
17657,226563	-84,359138
17743,359375	-84,920631
17829,492188	-84,773598
17915,625000	-85,061180
18001,757813	-84,815033
18087,890625	-84,772377
18174,023438	-84,302841
18260,156250	-84,031258
18346,289063	-84,156937
18432,421875	-84,353981
18518,554688	-83,886856
18604,687500	-84,598907
18690,820313	-84,219398
18776,953125	-83,277405
18863,085938	-83,671906
18949,218750	-84,325630
19035,351563	-83,885864
19121,484375	-83,583893
19207,617188	-83,987137
19293,750000	-84,324448
19379,882813	-84,428490
19466,015625	-84,387611
19552,148438	-83,214836
19638,281250	-83,723206
19724,414063	-84,097832
19810,546875	-83,218498
19896,679688	-83,140755
19982,812500	-83,211937
20068,945313	-82,324448
20155,078125	-82,958725
20241,210938	-83,579147
20327,343750	-83,581100
20413,476563	-83,840500
20499,609375	-83,778145
20585,742188	-83,406288
20671,875000	-84,017120
20758,007813	-84,223228
20844,140625	-83,811180
20930,273438	-83,875313
21016,406250	-84,390839
21102,539063	-85,663376
21188,671875	-86,603622
21274,804688	-87,508209
21360,937500	-87,418091
21447,070313	-88,312408
21533,203125	-88,735115
21619,335938	-89,267776
21705,468750	-90,428696
21791,601563	-90,673599
21877,734375	-90,970284
21963,867188	-89,978058
